Date,Open,High,Low,Close,Change(Pips),Change(%)
03/18/2024 00:00,1.08831,1.0892,1.08802,1.08852,2.1,0.02,
03/17/2024 20:00,1.08882,1.08907,1.08812,1.08832,-5.0,-0.05,
03/15/2024 20:00,1.08891,1.0897,1.08775,1.0889,-0.1,0.00,
03/15/2024 16:00,1.08876,1.08915,1.0882,1.08889,1.3,0.01,
03/15/2024 12:00,1.08936,1.0895,1.088,1.08874,-6.2,-0.06,
03/15/2024 08:00,1.08806,1.09,1.0876,1.0893,12.4,0.11,
03/15/2024 04:00,1.08769,1.0885,1.0871,1.08807,3.8,0.03,
03/15/2024 00:00,1.08826,1.08843,1.0871,1.0875,-7.6,-0.07,
03/14/2024 20:00,1.08909,1.0892,1.08803,1.08827,-8.2,-0.08,
03/14/2024 16:00,1.08876,1.08925,1.0879,1.08897,2.1,0.02,
03/14/2024 12:00,1.09415,1.09446,1.0881,1.08881,-53.4,-0.49,
03/14/2024 08:00,1.09351,1.09454,1.0934,1.09414,6.3,0.06,
03/14/2024 04:00,1.09421,1.0943,1.0931,1.09352,-6.9,-0.06,
03/14/2024 00:00,1.0953,1.09549,1.0939,1.09422,-10.8,-0.10,
03/13/2024 20:00,1.09471,1.0955,1.09398,1.0952,4.9,0.04,
03/13/2024 16:00,1.09433,1.09637,1.0938,1.09472,3.9,0.04,
03/13/2024 12:00,1.09419,1.09474,1.093,1.09434,1.5,0.01,
03/13/2024 08:00,1.09266,1.09457,1.0918,1.09425,15.9,0.15,
03/13/2024 04:00,1.09277,1.09318,1.0919,1.09267,-1.0,-0.01,
03/13/2024 00:00,1.09268,1.0931,1.0922,1.09277,0.9,0.01,
03/12/2024 20:00,1.09254,1.093,1.0923,1.09267,1.3,0.01,
03/12/2024 16:00,1.09176,1.0926,1.0911,1.09255,7.9,0.07,
03/12/2024 12:00,1.09331,1.09434,1.0901,1.09171,-16.0,-0.15,
03/12/2024 08:00,1.09315,1.09353,1.092,1.0932,0.5,0.00,
03/12/2024 04:00,1.09359,1.09393,1.093,1.093,-5.9,-0.05,
03/12/2024 00:00,1.09303,1.0938,1.0925,1.0936,5.7,0.05,
03/11/2024 20:00,1.09261,1.0931,1.09165,1.09306,4.5,0.04,
03/11/2024 16:00,1.09271,1.09303,1.0917,1.09258,-1.3,-0.01,
03/11/2024 12:00,1.09426,1.09432,1.0913,1.09279,-14.7,-0.13,
03/11/2024 08:00,1.09417,1.0948,1.0931,1.09427,1.0,0.01,
03/11/2024 04:00,1.09411,1.09473,1.0934,1.09444,3.3,0.03,
03/11/2024 00:00,1.09427,1.09464,1.0936,1.09412,-1.5,-0.01,
03/10/2024 20:00,1.09393,1.09434,1.09355,1.09424,3.1,0.03,
03/08/2024 20:00,1.09414,1.0944,1.0933,1.0939,-2.4,-0.02,
03/08/2024 16:00,1.09607,1.09612,1.0932,1.09415,-19.2,-0.18,
03/08/2024 12:00,1.09338,1.0981,1.0917,1.09605,26.7,0.24,
03/08/2024 08:00,1.09337,1.0939,1.0925,1.09325,-1.2,-0.01,
03/08/2024 04:00,1.09473,1.0951,1.093,1.09335,-13.8,-0.13,
03/08/2024 00:00,1.0949,1.09557,1.0942,1.0947,-2,-0.02,
03/07/2024 20:00,1.09466,1.0951,1.0941,1.09506,4.0,0.04,
03/07/2024 16:00,1.09298,1.0949,1.0923,1.09465,16.7,0.15,
03/07/2024 12:00,1.08936,1.09307,1.0866,1.09298,36.2,0.33,
03/07/2024 08:00,1.08939,1.0903,1.0887,1.08939,0.0,0.00,
03/07/2024 04:00,1.09006,1.09055,1.089,1.08938,-6.8,-0.06,
03/07/2024 00:00,1.0897,1.09072,1.0892,1.09004,3.4,0.03,
03/06/2024 20:00,1.0896,1.0902,1.08886,1.08991,3.1,0.03,
03/06/2024 16:00,1.0905,1.09152,1.0892,1.08965,-8.5,-0.08,
03/06/2024 12:00,1.08757,1.0909,1.0866,1.09044,28.7,0.26,
03/06/2024 08:00,1.08619,1.08795,1.0858,1.08754,13.5,0.12,
03/06/2024 04:00,1.08507,1.08664,1.0848,1.0861,10.3,0.09,
03/06/2024 00:00,1.08556,1.0856,1.0841,1.08507,-4.9,-0.05,
03/05/2024 20:00,1.08528,1.0859,1.0847,1.08555,2.7,0.02,
03/05/2024 16:00,1.08713,1.0872,1.0849,1.0853,-18.3,-0.17,
03/05/2024 12:00,1.08498,1.08758,1.08392,1.08714,21.6,0.20,
03/05/2024 08:00,1.08468,1.0856,1.0841,1.08499,3.1,0.03,
03/05/2024 04:00,1.08543,1.0855,1.084,1.08464,-7.9,-0.07,
03/05/2024 00:00,1.0854,1.0856,1.0846,1.0852,-2,-0.02,
03/04/2024 20:00,1.08565,1.0861,1.08487,1.08544,-2.1,-0.02,
03/04/2024 16:00,1.08633,1.08669,1.0853,1.08565,-6.8,-0.06,
03/04/2024 12:00,1.08563,1.08637,1.0839,1.08632,6.9,0.06,
03/04/2024 08:00,1.08533,1.08579,1.0836,1.08562,2.9,0.03,
03/04/2024 04:00,1.0842,1.0854,1.0841,1.08532,11.2,0.10,
03/04/2024 00:00,1.08418,1.0849,1.0837,1.08439,2.1,0.02,
03/03/2024 20:00,1.08366,1.08438,1.08349,1.08414,4.8,0.04,
03/01/2024 20:00,1.0841,1.08413,1.0832,1.0839,-2,-0.02,
03/01/2024 16:00,1.0835,1.08432,1.0822,1.08412,6.2,0.06,
03/01/2024 12:00,1.08186,1.0842,1.0797,1.08351,16.5,0.15,
03/01/2024 08:00,1.08126,1.08223,1.0797,1.08181,5.5,0.05,
03/01/2024 04:00,1.08168,1.08175,1.0806,1.08125,-4.3,-0.04,
03/01/2024 00:00,1.08056,1.0824,1.0803,1.08169,11.3,0.10,
02/29/2024 20:00,1.08026,1.081,1.07985,1.08056,3.0,0.03,
02/29/2024 16:00,1.08226,1.0825,1.0794,1.08022,-20.4,-0.19,
02/29/2024 12:00,1.08341,1.0856,1.0818,1.08224,-11.7,-0.11,
02/29/2024 08:00,1.08286,1.08543,1.0827,1.08343,5.7,0.05,
02/29/2024 04:00,1.08367,1.08392,1.0825,1.08285,-8.2,-0.08,
02/29/2024 00:00,1.08384,1.08402,1.0826,1.0836,-2.4,-0.02,
02/28/2024 20:00,1.08337,1.0844,1.08306,1.0838,4.3,0.04,
02/28/2024 16:00,1.08342,1.0846,1.083,1.08336,-0.6,-0.01,
02/28/2024 12:00,1.08156,1.0838,1.0805,1.08342,18.6,0.17,
02/28/2024 08:00,1.08232,1.08241,1.0796,1.08167,-6.5,-0.06,
02/28/2024 04:00,1.08342,1.0836,1.0815,1.08231,-11.1,-0.10,
02/28/2024 00:00,1.08411,1.0846,1.0831,1.08344,-6.7,-0.06,
02/27/2024 20:00,1.08442,1.0848,1.08394,1.0841,-3.2,-0.03,
02/27/2024 16:00,1.0847,1.0858,1.0839,1.08442,-2.8,-0.03,
02/27/2024 12:00,1.08575,1.0863,1.0831,1.0847,-10.5,-0.10,
02/27/2024 08:00,1.0856,1.0866,1.084,1.08572,1.2,0.01,
02/27/2024 04:00,1.0851,1.08626,1.0845,1.08558,4.8,0.04,
02/27/2024 00:00,1.085,1.0854,1.0844,1.08528,2.8,0.03,
02/26/2024 20:00,1.08462,1.0854,1.0836,1.08501,3.9,0.04,
